mid,publish_time,user_name,user_link,content,weibo_link,forward_num,comment_num,like_num
4820217685608210,2022-10-02 20:15:13,用户富悦,https://weibo.com/u/7485257930,@风吟听竹:有钱能使鬼推磨,https://weibo.com/7485257930/M8tXanwX0,0,1,2
